3.706913232803344727e+00 -2.468921568986019166e-01 -2.671694137515320810e-01 -5.240740617980944593e-01 3.106321282063356226e-01 -4.740258641853677402e-01 3.086382762878717712e-01 -5.222724517212388173e-01 -1.642757397196332181e-01 -4.802744097992592831e-01 3.302591687471912452e-01 -3.274572039029894355e-01 -5.289920012764309787e-01 5.007976550609893884e-01 -4.740362649033144637e-01 3.157887127294272678e-01 -5.129237492508054164e-01 -4.810580067469800158e-01 -5.271795904540153010e-01 8.159625533008221243e-01 -5.238099292796897233e-01 -5.261613487376728404e-01 3.097124075764772777e-01 -5.012658016621946988e-01 -4.880945496123389460e-01 -5.236652907240683108e-01 -5.237425532002437656e-01 -4.850065078778009187e-01 2.558134984403494627e+00 -5.299431526473370457e-01 -1.599080239367380307e-01 2.998611561300917328e-01 -1.496134847479757557e-01 -5.014903314468792672e-01 3.241027437779704923e-01 8.275730690438517501e-01 -4.888362008074614296e-01 3.194321928050805059e-01 3.024765938128757825e-01 -4.998503325258109031e-01 -3.499659005033033399e-01 -4.907062156061972602e-01 -5.005276935687903439e-01 1.471581809761496773e+00 3.154617473023280660e-01 8.414983731448433257e-01 3.170671438348430238e-01 -5.137495205383320052e-01 -5.102793952862574312e-01 9.991653138113761878e-01 -4.870154465519677123e-01 -5.138917589282734344e-01 -2.874394701074222680e-01 4.049627540003904458e-01 -5.223343417077018769e-01 -5.246112988828028900e-01 2.518642658304641735e+00 9.281076087995102641e-01 -2.626989337321113394e-01 -4.883298801425835500e-01 -1.365796421833004315e-01 -4.853880199273183926e-01 8.168931318230424621e-01 -5.131305635268994525e-01 -4.746966533461280946e-01 -5.148831416477206435e-01 1.010837776687670830e+00 -5.014789020864983682e-01
-2.468921568986019166e-01 1.313504576683044434e+00 6.508942445855691039e-01 -3.998929611826919361e-02 -2.724065752653097583e-01 4.099539413920686576e-02 -2.151442653870050126e-01 -4.379680537376522825e-02 3.206711068969789191e-01 6.766433505810001692e-02 -2.586244810498918856e-01 2.682093426791974933e-01 -8.139704729332173858e-03 -2.442806909185502584e-01 7.744091706444650169e-02 -2.698079387422857578e-01 3.943941530363924419e-02 6.628796862091966557e-02 -3.908987331811247107e-02 -1.920301269939090616e-01 -4.296595159254421731e-02 -3.946777083240946005e-02 -2.692838454220154443e-01 3.860735429622799003e-02 2.934671861920525732e-02 -4.221121377978548361e-02 -3.754434877561833861e-02 3.573390237451819218e-02 -2.396613006200656593e-01 -3.923034015719484985e-02 3.209324963688922061e-01 -2.384839336338188398e-01 3.199254554257230931e-01 -9.895167870730733894e-03 -2.239121134761759557e-01 -1.941647457721653036e-01 6.934699406679044331e-02 -2.712014063599361702e-01 -2.387051489039929142e-01 2.637606891664293074e-02 2.789872009450709567e-01 4.773517723394848922e-02 3.847274143266575519e-02 -1.899403255950467828e-01 -2.266237863733679414e-01 -2.017539696454475340e-01 -2.183865320531840071e-01 -7.254771322214699503e-03 3.009515956872908793e-02 -1.985166033175318478e-01 5.161256274147381362e-02 -3.166610015137044654e-02 5.808575814833389916e-01 -3.470933879321498605e-02 -4.003929242658579163e-02 -3.826219475607230830e-02 -2.474893409785086928e-01 -2.661208842301799882e-01 3.628412749862962028e-01 5.419747688869037267e-02 3.078780523821301740e-01 5.356230447221728419e-02 -1.979468925626408915e-01 -2.934942237727038508e-02 7.498876922475562756e-02 -1.387151645953617861e-02 -2.063576017133068319e-01 3.567771992489538607e-02
-2.671694137515320810e-01 6.508942445855691039e-01 1.499551534652709961e+00 -3.507493188672680673e-02 -2.896627664355345133e-01 4.097296759113429332e-02 -2.397220905305920413e-01 -3.942886814701266479e-02 3.260545356502322911e-01 7.228797564997629932e-02 -2.796206732441873788e-01 2.848529201330011751e-01 -6.372016190460461083e-03 -2.642417830899412845e-01 7.731127954432512328e-02 -2.893432586660839023e-01 3.986609832838746564e-02 6.784952641302324783e-02 -3.565467190535209774e-02 -2.197962436492759131e-01 -3.561484058442434403e-02 -3.672604586076570060e-02 -2.900413068513529313e-01 3.615448854983818044e-02 3.355321970225144668e-02 -3.683978585493215968e-02 -3.450021721499404309e-02 3.499974455379548793e-02 -2.603958318951388184e-01 -3.645080900441585031e-02 3.213680978664127386e-01 -2.634242695152899660e-01 3.224868322339050630e-01 -9.121727874129825428e-03 -2.492676637335879963e-01 -2.183062550832080284e-01 6.902002149634101080e-02 -2.911929006299406320e-01 -2.660889677413160737e-01 2.676256523878905308e-02 2.860903484080500880e-01 4.247773932051995133e-02 3.204742290210661065e-02 -2.139491828921676331e-01 -2.523745353393537227e-01 -2.257310390340087347e-01 -2.418206068167448319e-01 -4.423719648762040185e-03 2.996521845622257887e-02 -2.236155501476901897e-01 5.039753244109650837e-02 -2.713705358918490004e-02 8.684394899945093727e-01 -5.378115886513766541e-02 -3.687854567332419370e-02 -3.394626111905324484e-02 -2.677073651712643665e-01 -2.877622923913833453e-01 3.844979413436081517e-01 5.505296451320754181e-02 3.098120144521976371e-01 5.273994056275427278e-02 -2.226029088179344029e-01 -2.545253373775744135e-02 7.451140770174306815e-02 -1.251773015245852445e-02 -2.280657716258356615e-01 3.638369008557847811e-02
-5.240740617980944593e-01 -3.998929611826919361e-02 -3.507493188672680673e-02 8.802706003189086914e-01 -5.240162292345665884e-01 1.753180590980223108e-01 -4.743090265888068036e-01 5.416780198313118078e-01 -8.941742950027636860e-02 1.560690160783670122e-01 -5.151819622748815553e-01 3.020071685519777616e-02 4.178395571534309072e-01 -5.077026459883631215e-01 1.601022944898139178e-01 -5.299824696470476493e-01 2.038343846820969141e-01 1.615205495327906027e-01 5.520499357898533965e-01 -4.824617036421713911e-01 5.409126527133987228e-01 5.574012766138370933e-01 -5.267911636414673859e-01 2.007660871676170689e-01 3.820990328932419855e-01 5.491303056805292293e-01 5.447305734018668133e-01 1.887495005369513590e-01 -5.210625396313071089e-01 5.563360602263287547e-01 -9.052136998942555968e-02 -4.905768923934863412e-01 -9.549158450480467464e-02 3.878157989420069618e-01 -4.796078495018398780e-01 -4.855877479999762270e-01 1.552349727912646637e-01 -5.266022934611714890e-01 -4.862940824715214494e-01 2.621724973929628888e-01 5.148186443384206168e-02 2.911666416744653207e-01 2.517757511489935873e-01 -4.776103401880541499e-01 -4.769719246905729237e-01 -4.893647515782803548e-01 -4.757247814592001633e-01 3.951904794342375182e-01 3.468740299330376753e-01 -4.957487351126866337e-01 2.169054155281118779e-01 5.106542211599520709e-01 -2.260586759360303302e-02 -3.658549973049567972e-01 5.454705673397340915e-01 5.481624102966650147e-01 -5.199525201511052686e-01 -5.281677729525557918e-01 -4.565185217499585432e-03 1.723362818416265541e-01 -8.952125095263718801e-02 1.762326222290087341e-01 -4.828110420422164206e-01 4.991626850584885977e-01 1.592148760897323656e-01 4.197658615520431513e-01 -4.872229465896845690e-01 2.088023418988007862e-01
3.106321282063356226e-01 -2.724065752653097583e-01 -2.896627664355345133e-01 -5.240162292345665884e-01 3.202590942382812500e+00 -4.838165971685359779e-01 5.442929431928786865e-01 -5.213321582426947431e-01 -1.926741857380783740e-01 -4.819861279567183576e-01 1.994485562203379470e+00 -3.448752633896099984e-01 -5.230925083285749011e-01 1.575043465857528968e+00 -4.762235587462265718e-01 2.184598571147082779e+00 -5.055752419938474018e-01 -4.828101848401878393e-01 -5.267205301943128637e-01 3.314804244773010833e-01 -5.236886637660473909e-01 -5.262262103578350114e-01 2.336776618637446568e+00 -5.000701191259373513e-01 -4.889384364360694346e-01 -5.243091065943294993e-01 -5.215528591916516188e-01 -4.926802375844001047e-01 3.197936749005302892e-01 -5.286435200784145305e-01 -1.952142753625507321e-01 7.492618919065956451e-01 -1.912438870066002217e-01 -5.090281660585485035e-01 5.577641016591317058e-01 3.196251489817125702e-01 -4.880863776196665560e-01 2.166487606687364398e+00 7.186397781058257994e-01 -5.036208785154998591e-01 -3.698645597936131568e-01 -4.915934197057716948e-01 -5.035311580365090522e-01 3.409377344447548364e-01 5.409289966987435028e-01 3.233136321638659383e-01 5.496333689776985443e-01 -5.170182604604934840e-01 -5.080906727732976691e-01 3.268230744156511158e-01 -4.910147511896821304e-01 -5.155945621846353966e-01 -3.006131508963590382e-01 3.870692331219206528e-01 -5.220992397646648797e-01 -5.266824704242440980e-01 3.387435829856140779e-01 1.602571880390372128e+00 -2.877955518300920335e-01 -4.887186498359429865e-01 -1.649630443061441132e-01 -4.864844956154687483e-01 3.187578033958001211e-01 -5.141582916123581537e-01 -4.772111412033470668e-01 -5.203422613400970898e-01 3.126171509439051310e-01 -4.988201471278703170e-01
-4.740258641853677402e-01 4.099539413920686576e-02 4.097296759113429332e-02 1.753180590980223108e-01 -4.838165971685359779e-01 8.090611696243286133e-01 -4.368022089753395565e-01 1.640323657770204890e-01 -6.369449674011783136e-02 3.910300493885520701e-01 -4.703440386056363387e-01 1.451477764865140296e-01 2.482360782390007348e-01 -4.623715454186780316e-01 3.661390454838254205e-01 -4.867888023356126692e-01 4.784916295936313957e-01 3.827616214879289713e-01 1.704375793483344503e-01 -4.344502466227382897e-01 1.676747029166356096e-01 1.679531078488160911e-01 -4.859227425527430921e-01 4.479781518632828807e-01 2.034290709895860139e-01 1.711763732033616814e-01 1.691029157898442381e-01 4.545375475061363968e-01 -4.685731449348046196e-01 1.683052035820529757e-01 -5.857461117887451801e-02 -4.495848913456426121e-01 -6.098717414322085695e-02 2.500220586655352850e-01 -4.413098344159985253e-01 -4.351932693411065256e-01 4.021789332657934590e-01 -4.858505089951352107e-01 -4.441849471666386995e-01 3.717477183567871601e-01 1.665549256200085093e-01 2.807288068799263514e-01 3.701283494312064271e-01 -4.180229126673429829e-01 -4.379125141895509055e-01 -4.376604110729472308e-01 -4.360887025801552519e-01 2.570125697819597987e-01 2.707725196116394506e-01 -4.442214925464569308e-01 3.642029118352855255e-01 1.571534195046149496e-01 6.100933281565950467e-02 -3.161170496797721663e-01 1.675667383211366934e-01 1.713724438806975836e-01 -4.697423685017800277e-01 -4.784354542873587857e-01 7.259839707792400954e-02 4.168241727771836991e-01 -6.288421937925772753e-02 4.118508580478012493e-01 -4.320259078455244151e-01 1.599464551610191021e-01 3.722610966517003184e-01 2.404042233315305532e-01 -4.414465581395561333e-01 4.262826256806755421e-01
3.086382762878717712e-01 -2.151442653870050126e-01 -2.397220905305920413e-01 -4.743090265888068036e-01 5.442929431928786865e-01 -4.368022089753395565e-01 2.920469522476196289e+00 -4.745256129680265889e-01 -1.172600800100944141e-01 -4.380861261737381551e-01 5.543712388832325866e-01 -2.895739888787751681e-01 -4.726550552746726641e-01 5.294870640213336088e-01 -4.276036025801095430e-01 5.437844509495284306e-01 -4.562516372558745870e-01 -4.371794064413132008e-01 -4.773601514893142106e-01 3.400053272248735881e-01 -4.774543294188535736e-01 -4.769149207556727110e-01 5.304279861146986574e-01 -4.536484861355000731e-01 -4.391552285437760328e-01 -4.755979155589711294e-01 -4.755813715598196656e-01 -4.472438154588042614e-01 3.257646013507675131e-01 -4.810416627616351803e-01 -1.183215175653268003e-01 1.736874408244866164e+00 -1.153511553826115504e-01 -4.624828102419870079e-01 1.971508890442265960e+00 3.280829899572496045e-01 -4.422305265414892550e-01 5.446581684038532822e-01 1.808188702397285574e+00 -4.567035827387398994e-01 -3.107715092561817993e-01 -4.356477292832556802e-01 -4.513372408792561408e-01 3.542146223579318853e-01 2.420796132670186562e+00 3.285279349568815954e-01 1.937900856241962400e+00 -4.675120431170334268e-01 -4.532225710209024649e-01 3.348485426879752591e-01 -4.374665405474846280e-01 -4.653590945020661951e-01 -2.535821901306101744e-01 5.249793814338726827e-01 -4.730695696022902408e-01 -4.754431334460115788e-01 3.151236953956593201e-01 4.677932339558067976e-01 -2.387549666285535555e-01 -4.442483801167532165e-01 -1.047685963122483022e-01 -4.430712417177140039e-01 3.227694231693250537e-01 -4.657933530497419539e-01 -4.326250634900969394e-01 -4.688833663489456738e-01 3.229404921208275381e-01 -4.509977603025397408e-01
-5.222724517212388173e-01 -4.379680537376522825e-02 -3.942886814701266479e-02 5.416780198313118078e-01 -5.213321582426947431e-01 1.640323657770204890e-01 -4.745256129680265889e-01 9.091283082962036133e-01 -9.078465244915191745e-02 1.450664565874033030e-01 -5.112462048808854576e-01 2.624240254698724517e-02 4.142956268066961267e-01 -5.067073772863863734e-01 1.497935828941792114e-01 -5.276408794389921830e-01 1.938533385618847193e-01 1.509100313895953560e-01 5.497365761019389341e-01 -4.795752186779521642e-01 6.833639716387279739e-01 5.494989596996181502e-01 -5.224129757071230840e-01 1.911055203124878699e-01 3.858196897248678536e-01 5.536159296024548704e-01 5.468113456060280653e-01 1.779256962423463317e-01 -5.206043937204350991e-01 5.538278299439184371e-01 -9.203143851301277822e-02 -4.902326400588108979e-01 -9.531844398173314192e-02 3.839179013042728905e-01 -4.803184699835280069e-01 -4.821632830426237359e-01 1.443581648378928217e-01 -5.245988408799876490e-01 -4.861139557519170706e-01 2.540025620054229827e-01 4.736947341850797355e-02 2.815872089913406540e-01 2.428395057213092179e-01 -4.764300872883110993e-01 -4.774466717473983546e-01 -4.882319876709203532e-01 -4.762046431547960479e-01 3.869712835034555543e-01 3.410588285179914081e-01 -4.936029298479575056e-01 2.090838470449845887e-01 5.191930963005902955e-01 -2.684053133496300605e-02 -3.648538424823839499e-01 5.459866029609358185e-01 5.479126216255384429e-01 -5.197788510201161172e-01 -5.266059508564934211e-01 -8.197354244510134808e-03 1.626686859298630550e-01 -9.041877004995545197e-02 1.691930791565497694e-01 -4.812871654226189011e-01 5.097759891082767059e-01 1.506062818507700463e-01 4.137625900119276667e-01 -4.847521474625219873e-01 1.985179748407775724e-01
-1.642757397196332181e-01 3.206711068969789191e-01 3.260545356502322911e-01 -8.941742950027636860e-02 -1.926741857380783740e-01 -6.369449674011783136e-02 -1.172600800100944141e-01 -9.078465244915191745e-02 1.578710436820983887e+00 -3.070380515409292313e-02 -1.859949532516301796e-01 2.156993608473087853e-01 -7.787246113903176226e-02 -1.762745536949064940e-01 -1.976760024349109510e-02 -1.965265373746942212e-01 -5.691369652830892412e-02 -2.925217816464130774e-02 -8.750335451727181413e-02 -1.179958522279709321e-01 -9.015632336220694154e-02 -8.901697328592739211e-02 -1.896938085783292927e-01 -6.145169906585551400e-02 -3.200558429976194802e-02 -8.906713389129947145e-02 -8.714993726424086207e-02 -6.046668107147053217e-02 -1.561658227607939931e-01 -8.769316047644888645e-02 8.364426527271139333e-01 -1.664415320783285968e-01 8.410474277310113767e-01 -8.021427279094466012e-02 -1.438610305214211293e-01 -1.253722114075074556e-01 -2.809539295626806849e-02 -1.964581755129154172e-01 -1.676175704014311318e-01 -6.187717129273837685e-02 1.838845075705797250e-01 -2.843749157084671936e-02 -4.964724493553612089e-02 -1.155741064868934936e-01 -1.463241576904280028e-01 -1.313886124253605681e-01 -1.397855491967674169e-01 -7.725491136759611577e-02 -4.177641590916676001e-02 -1.266830733230042416e-01 -3.412055172151311905e-02 -7.077509978974548532e-02 3.207402259538829625e-01 6.474244765010064850e-02 -8.858234328403925828e-02 -9.011064878078441087e-02 -1.698207081951714215e-01 -1.912645741488898099e-01 2.591874627688585675e-01 -4.590691531735447556e-02 6.906199582234019418e-01 -4.716538433052978874e-02 -1.290340641799730959e-01 -6.874762412171080139e-02 -2.588209017513894844e-02 -8.301112299637597447e-02 -1.346950978101802698e-01 -5.900277287712202973e-02
-4.802744097992592831e-01 6.766433505810001692e-02 7.228797564997629932e-02 1.560690160783670122e-01 -4.819861279567183576e-01 3.910300493885520701e-01 -4.380861261737381551e-01 1.450664565874033030e-01 -3.070380515409292313e-02 8.814121484756469727e-01 -4.701354242052822596e-01 1.782987362784813901e-01 2.308104468011277499e-01 -4.632774650958763063e-01 4.538027539272425082e-01 -4.841523346297275654e-01 3.954692701073308503e-01 4.798191783752844275e-01 1.516370815768311453e-01 -4.353252213067050347e-01 1.482489191253887617e-01 1.483670558516267945e-01 -4.847788921658134909e-01 3.836970003415092756e-01 1.954274186469557306e-01 1.511432189147685068e-01 1.487714266219062331e-01 3.802497052367957986e-01 -4.756882646527829106e-01 1.497947829770192030e-01 -2.653424412096560756e-02 -4.509128401549089560e-01 -2.835031769621583139e-02 2.341609066500133229e-01 -4.396570917581053561e-01 -4.380079207753312387e-01 5.012483147408117734e-01 -4.829797394014398448e-01 -4.470508878555731203e-01 3.350535854132102309e-01 1.940547524651987377e-01 2.905107964024030709e-01 3.359073014868683704e-01 -4.262069347415524678e-01 -4.403752270442439776e-01 -4.430601552381444597e-01 -4.335924159793430044e-01 2.282496414609648527e-01 2.578383124960854644e-01 -4.446597799436669551e-01 3.527817805937689677e-01 1.393014157777291151e-01 9.368006660116881545e-02 -3.093478967005265368e-01 1.464666675276784791e-01 1.518873274223729308e-01 -4.775378208964367599e-01 -4.832928467290770747e-01 9.637536693961502865e-02 4.304095105536427934e-01 -2.969958762010543526e-02 4.231919837666508477e-01 -4.362045105742156648e-01 1.435802968570630556e-01 4.799208425358733598e-01 2.123779030003899726e-01 -4.433558899380025675e-01 3.874151141404503784e-01
3.302591687471912452e-01 -2.586244810498918856e-01 -2.796206732441873788e-01 -5.151819622748815553e-01 1.994485562203379470e+00 -4.703440386056363387e-01 5.543712388832325866e-01 -5.112462048808854576e-01 -1.859949532516301796e-01 -4.701354242052822596e-01 2.870793819427490234e+00 -3.311247713556455530e-01 -5.148076507224041976e-01 1.548883831523913290e+00 -4.626744520421752771e-01 2.046525497302899677e+00 -4.964309536338279982e-01 -4.700493325482124618e-01 -5.163474141529312833e-01 3.390208021216550294e-01 -5.133311488015858126e-01 -5.167402412692259084e-01 2.006688004520540414e+00 -4.896210549848241111e-01 -4.768665174144592345e-01 -5.144422540710238412e-01 -5.122621607251517384e-01 -4.809315408743643494e-01 3.354365547061762820e-01 -5.176775631140709821e-01 -1.867798074289928056e-01 7.597977048930005806e-01 -1.828259344987928359e-01 -4.972238083634573091e-01 5.631452731137097656e-01 3.334038715358180194e-01 -4.760306311429954862e-01 2.056427437962574878e+00 7.307267838831389417e-01 -4.923666159355457039e-01 -3.544662683001204018e-01 -4.798046059407986563e-01 -4.924834239986394246e-01 3.661453316320349427e-01 5.556814436105075306e-01 3.331927998229820553e-01 5.568930129576944443e-01 -5.049111961557117834e-01 -4.949150204196952618e-01 3.323294259398020256e-01 -4.792319664123100842e-01 -5.071473505142526372e-01 -2.906956091597637237e-01 3.971848456739185407e-01 -5.115147948498387498e-01 -5.160999113538808913e-01 3.612939396045167229e-01 1.608892088093852424e+00 -2.756749437332588482e-01 -4.755946296178616417e-01 -1.598802648777127022e-01 -4.736011491536101237e-01 3.363785340153765957e-01 -5.052906509203606289e-01 -4.654677591458884489e-01 -5.088998143414700248e-01 3.230694438793260681e-01 -4.868519495517176221e-01
-3.274572039029894355e-01 2.682093426791974933e-01 2.848529201330011751e-01 3.020071685519777616e-02 -3.448752633896099984e-01 1.451477764865140296e-01 -2.895739888787751681e-01 2.624240254698724517e-02 2.156993608473087853e-01 1.782987362784813901e-01 -3.311247713556455530e-01 1.197408199310302734e+00 6.812330959759965721e-02 -3.209822426599504563e-01 1.786058003318171938e-01 -3.442996522274223148e-01 1.399885632105347666e-01 1.747208464447145837e-01 3.020872812248982797e-02 -2.746066128450466715e-01 2.825076082394716026e-02 3.012477947049144872e-02 -3.440018030958937323e-01 1.378990618323824857e-01 1.156762063918469335e-01 2.592395377920944655e-02 2.814261228717959348e-02 1.376992480395218266e-01 -3.187448882185696108e-01 2.974001005326539285e-02 2.167418328076589629e-01 -3.168252985691812351e-01 2.170690982554681625e-01 6.763236142243418680e-02 -3.037573393637686414e-01 -2.813968244207942782e-01 1.845928564668921079e-01 -3.454449027109985915e-01 -3.156712474781116495e-01 1.166938266367186922e-01 4.532689170772473686e-01 1.493986127728131053e-01 1.338874706322585040e-01 -2.704989864443214098e-01 -3.023764726159383076e-01 -2.912669343118085008e-01 -2.981810973008879873e-01 6.994397098954030501e-02 1.193812407165020240e-01 -2.823555763163537180e-01 1.559326352356208423e-01 4.111709896888882110e-02 2.775680172665633272e-01 -1.300023024446487485e-01 2.679493533039309372e-02 3.021715013242056921e-02 -3.275945562413679624e-01 -3.390986646392505355e-01 3.472483129121141654e-01 1.599784573700858969e-01 1.895230253608363447e-01 1.569874223317815343e-01 -2.827253161246787716e-01 4.633669141275580799e-02 1.809386899392826653e-01 6.001717147103639849e-02 -2.930938032751060907e-01 1.346255072921605234e-01
-5.289920012764309787e-01 -8.139704729332173858e-03 -6.372016190460461083e-03 4.178395571534309072e-01 -5.230925083285749011e-01 2.482360782390007348e-01 -4.726550552746726641e-01 4.142956268066961267e-01 -7.787246113903176226e-02 2.308104468011277499e-01 -5.148076507224041976e-01 6.812330959759965721e-02 8.630071878433227539e-01 -5.080603849682880924e-01 2.275861813775487963e-01 -5.277379147086267430e-01 2.750074976604099386e-01 2.331338643261774979e-01 4.172153997830250205e-01 -4.827671532983534020e-01 4.135706910511308676e-01 4.178664161503262697e-01 -5.239654828744749748e-01 2.735081655922305677e-01 3.320418346592153291e-01 4.150749663176749316e-01 4.118892035518794681e-01 2.591855769243956997e-01 -5.270108930947918768e-01 4.188984016725268988e-01 -7.368018603798479060e-02 -4.890471296532926115e-01 -7.876994451959884458e-02 4.582538897542184353e-01 -4.778942740733189143e-01 -4.839260904409858899e-01 2.332056835694715502e-01 -5.258544704114432866e-01 -4.857627315074091734e-01 3.085561849069353157e-01 9.163883284057551537e-02 2.959199412165137155e-01 3.002291529609587006e-01 -4.808697080347031916e-01 -4.775090760550785296e-01 -4.886669891270208899e-01 -4.736003490983834996e-01 4.559154426202677302e-01 3.316538364476816492e-01 -4.940965639228124817e-01 2.767048433971899257e-01 3.956089654645875142e-01 9.397063844464235288e-03 -3.590533277954272573e-01 4.156026313130643524e-01 4.116044981847890027e-01 -5.267216731303508981e-01 -5.297739409668964505e-01 2.317424789951215078e-02 2.468998717168590928e-01 -7.742448021554859672e-02 2.489278688494611647e-01 -4.832356427803702337e-01 3.932067139263099032e-01 2.287138163594378271e-01 5.024333679719148460e-01 -4.864120334706533155e-01 2.725301552244291936e-01
5.007976550609893884e-01 -2.442806909185502584e-01 -2.642417830899412845e-01 -5.077026459883631215e-01 1.575043465857528968e+00 -4.623715454186780316e-01 5.294870640213336088e-01 -5.067073772863863734e-01 -1.762745536949064940e-01 -4.632774650958763063e-01 1.548883831523913290e+00 -3.209822426599504563e-01 -5.080603849682880924e-01 2.661192417144775391e+00 -4.543705931243711138e-01 1.588389987148827176e+00 -4.897274051831692065e-01 -4.631430272443949336e-01 -5.098104486298253857e-01 5.259263039414378005e-01 -5.084888145421695427e-01 -5.106584500232930202e-01 1.583180713274379148e+00 -4.821108222784750152e-01 -4.708505021375190003e-01 -5.071234060042544289e-01 -5.059709264502372239e-01 -4.730685409598559543e-01 5.015340487503365807e-01 -5.121081500940178888e-01 -1.694829420225121841e-01 6.771985174748063052e-01 -1.670602890759544934e-01 -4.878589904948867351e-01 5.410784355857249928e-01 5.232330894612611250e-01 -4.691466988121237303e-01 1.585101988754423763e+00 6.585574021338158612e-01 -4.851330308972184868e-01 -3.439216547062219909e-01 -4.730997145402951465e-01 -4.858970836386877212e-01 5.082059950195418896e-01 5.344578071446303147e-01 5.261238032888213567e-01 5.341432140001435291e-01 -4.972893557452423008e-01 -4.896856308709767180e-01 5.074181120616783058e-01 -4.716307274239273095e-01 -5.005559240889313477e-01 -2.797364812382477361e-01 4.200770544618165903e-01 -5.059292664316485943e-01 -5.087741485240809824e-01 5.457363571153940329e-01 1.291249475963826443e+00 -2.638407554075732908e-01 -4.695963298495118843e-01 -1.443641366786918845e-01 -4.669751774865373295e-01 5.223225694665094565e-01 -4.999883420524113831e-01 -4.568236767429431633e-01 -5.012448859326975592e-01 4.973005565184156485e-01 -4.812468197804740111e-01
-4.740362649033144637e-01 7.744091706444650169e-02 7.731127954432512328e-02 1.601022944898139178e-01 -4.762235587462265718e-01 3.661390454838254205e-01 -4.276036025801095430e-01 1.497935828941792114e-01 -1.976760024349109510e-02 4.538027539272425082e-01 -4.626744520421752771e-01 1.786058003318171938e-01 2.275861813775487963e-01 -4.543705931243711138e-01 8.998233675956726074e-01 -4.772853463256206408e-01 3.733562293900059004e-01 4.480426134558316842e-01 1.554298433857605743e-01 -4.287280230543913939e-01 1.531993608473087853e-01 1.519080002779620575e-01 -4.772622018708491676e-01 3.602391239349550522e-01 1.975290351471118699e-01 1.550059284092296097e-01 1.527177418875542980e-01 3.581109198852126529e-01 -4.664221393111021574e-01 1.537299831896967450e-01 -1.852321077363511606e-02 -4.411157924501302730e-01 -1.975104910098937280e-02 2.281435769966292659e-01 -4.328594796715110604e-01 -4.296753455895698237e-01 4.456069881852415815e-01 -4.767152212564158553e-01 -4.376314090709804150e-01 3.193503585847525805e-01 1.937140575189418845e-01 2.804037272972900174e-01 3.205479841122746976e-01 -4.179747664867380363e-01 -4.307343901224724436e-01 -4.346469173414941878e-01 -4.275220255203902031e-01 2.300990548376139200e-01 2.553095093649893066e-01 -4.351172355211719855e-01 3.365825766715782597e-01 1.441730091997207586e-01 9.911927777643164683e-02 -3.028890222822238076e-01 1.507115748332799321e-01 1.565582355627748445e-01 -4.693325402119186140e-01 -4.743110553002744534e-01 1.081889895599650597e-01 4.006909734111931964e-01 -2.085695758312916537e-02 3.982196028160115420e-01 -4.289507812882168980e-01 1.483935576810102019e-01 4.487967798005713660e-01 2.139726988011515230e-01 -4.350520024467974811e-01 3.625805427026048688e-01
3.157887127294272678e-01 -2.698079387422857578e-01 -2.893432586660839023e-01 -5.299824696470476493e-01 2.184598571147082779e+00 -4.867888023356126692e-01 5.437844509495284306e-01 -5.276408794389921830e-01 -1.965265373746942212e-01 -4.841523346297275654e-01 2.046525497302899677e+00 -3.442996522274223148e-01 -5.277379147086267430e-01 1.588389987148827176e+00 -4.772853463256206408e-01 3.150783061981201172e+00 -5.086509400191738806e-01 -4.834831455794205701e-01 -5.318322544779090499e-01 3.372518514420881353e-01 -5.290456049766177893e-01 -5.319978087630277130e-01 2.196306122159746632e+00 -5.039962758572134049e-01 -4.911072718619662325e-01 -5.306263998109126412e-01 -5.282464640987789561e-01 -4.949068484270228718e-01 3.219221646842821971e-01 -5.336083199343132355e-01 -1.968803189385872898e-01 7.531454742704525307e-01 -1.926197105491624928e-01 -5.126056701514024594e-01 5.527271825392290339e-01 3.253763459786252477e-01 -4.892437717986475865e-01 2.321117480566658564e+00 7.202511464791397922e-01 -5.079524346594896933e-01 -3.678966810966151080e-01 -4.928759082341226949e-01 -5.060460173479404133e-01 3.466044398950510197e-01 5.398673234129532927e-01 3.243345883532989249e-01 5.462811947247558919e-01 -5.192738447316820327e-01 -5.098025623711625043e-01 3.306843409533640754e-01 -4.934544624566084559e-01 -5.217282998734998900e-01 -3.014494943422380002e-01 3.978426053638445259e-01 -5.282254340756779021e-01 -5.322365109545847961e-01 3.386244604770431987e-01 1.655188083840301694e+00 -2.898385214247932162e-01 -4.898712436835639950e-01 -1.731826116911384383e-01 -4.893473789505012883e-01 3.239722490558205603e-01 -5.201585915187745268e-01 -4.797289435750765052e-01 -5.240254298696732649e-01 3.147682708612114522e-01 -5.022658135487295672e-01
-5.129237492508054164e-01 3.943941530363924419e-02 3.986609832838746564e-02 2.038343846820969141e-01 -5.055752419938474018e-01 4.784916295936313957e-01 -4.562516372558745870e-01 1.938533385618847193e-01 -5.691369652830892412e-02 3.954692701073308503e-01 -4.964309536338279982e-01 1.399885632105347666e-01 2.750074976604099386e-01 -4.897274051831692065e-01 3.733562293900059004e-01 -5.086509400191738806e-01 9.044951796531677246e-01 3.881660802642833974e-01 1.998283795818591446e-01 -4.637947007999180804e-01 1.964469318796406017e-01 1.975808530097391824e-01 -5.072600440076091566e-01 4.949834822883774077e-01 2.252710644254757588e-01 2.002725245262644282e-01 1.958886504851306276e-01 5.074958888590709316e-01 -5.067371507701788902e-01 1.997264011138597528e-01 -5.474017506465589378e-02 -4.705298228586293208e-01 -5.946334395539989298e-02 2.672666776083743589e-01 -4.584805053971725552e-01 -4.673574895912814831e-01 4.107714121066185498e-01 -5.075797803642674300e-01 -4.675498457264935515e-01 4.047016216890857443e-01 1.639899628500070261e-01 2.976651473998890851e-01 4.026470227201969232e-01 -4.611111155558623720e-01 -4.593940255990242028e-01 -4.671387030601883983e-01 -4.540406560635728561e-01 2.802468878994618384e-01 2.926098841565749065e-01 -4.718737727724290898e-01 3.886545425535659626e-01 1.847106503123187027e-01 6.064530768752494222e-02 -3.414632850084737270e-01 1.947482289063153515e-01 2.017174242656293026e-01 -5.091274872002593543e-01 -5.120753478297245254e-01 6.747305042542364739e-02 4.420365131490219257e-01 -6.200729456067596151e-02 4.413915829161235704e-01 -4.660096251215512519e-01 1.867524626842812785e-01 3.772981300652067937e-01 2.611818861553414917e-01 -4.725897936268972366e-01 4.649456659636848066e-01
-4.810580067469800158e-01 6.628796862091966557e-02 6.784952641302324783e-02 1.615205495327906027e-01 -4.828101848401878393e-01 3.827616214879289713e-01 -4.371794064413132008e-01 1.509100313895953560e-01 -2.925217816464130774e-02 4.798191783752844275e-01 -4.700493325482124618e-01 1.747208464447145837e-01 2.331338643261774979e-01 -4.631430272443949336e-01 4.480426134558316842e-01 -4.834831455794205701e-01 3.881660802642833974e-01 9.012873768806457520e-01 1.577593184718122377e-01 -4.355886966368878732e-01 1.555019626497646246e-01 1.535007959406569367e-01 -4.830101986468551822e-01 3.767860947201384092e-01 2.000692676385889823e-01 1.576223947344479459e-01 1.553159783829649587e-01 3.738827228759562527e-01 -4.749952453860815105e-01 1.572782424066758444e-01 -2.619243838374671687e-02 -4.501447014171035543e-01 -2.943538009652323442e-02 2.342261254376873658e-01 -4.390724228278157781e-01 -4.375717478097916890e-01 4.777086041139296801e-01 -4.825664537300631829e-01 -4.461090799867785117e-01 3.296708138481787564e-01 1.898019017541325015e-01 2.925433081323556284e-01 3.306837123385431565e-01 -4.274003028323326570e-01 -4.395239682830677785e-01 -4.426173532435839220e-01 -4.338120025656628242e-01 2.333067476886404590e-01 2.629606375114350580e-01 -4.439437876625997870e-01 3.462860750616385541e-01 1.470161340279946272e-01 9.144980550657440255e-02 -3.097692114975708066e-01 1.534913810050430871e-01 1.594908094227304451e-01 -4.778818160705036178e-01 -4.822735192234984258e-01 9.419412351435459130e-02 4.233073917330978930e-01 -3.022140042581224900e-02 4.098622064883107319e-01 -4.369953365923773259e-01 1.511788213723553043e-01 4.581576545398104994e-01 2.166909292938621057e-01 -4.431216451969941517e-01 3.792457787943304681e-01
-5.271795904540153010e-01 -3.908987331811247107e-02 -3.565467190535209774e-02 5.520499357898533965e-01 -5.267205301943128637e-01 1.704375793483344503e-01 -4.773601514893142106e-01 5.497365761019389341e-01 -8.750335451727181413e-02 1.516370815768311453e-01 -5.163474141529312833e-01 3.020872812248982797e-02 4.172153997830250205e-01 -5.098104486298253857e-01 1.554298433857605743e-01 -5.318322544779090499e-01 1.998283795818591446e-01 1.577593184718122377e-01 8.481594920158386230e-01 -4.849672480248922168e-01 5.497654923837028695e-01 5.797196172170056006e-01 -5.282437210522874516e-01 1.969342798062860556e-01 3.844423089319536913e-01 5.671895522845233906e-01 5.671913809821843566e-01 1.843090797353325871e-01 -5.247129630433917669e-01 5.846798453287518349e-01 -8.771314042706490621e-02 -4.911962494325322615e-01 -9.239409211790163001e-02 3.881277633336061017e-01 -4.823276372449024074e-01 -4.876517761911793869e-01 1.518027644422540734e-01 -5.283079540576286481e-01 -4.877753847236998008e-01 2.585819352558736406e-01 5.142326396016364681e-02 2.909731997500170086e-01 2.476369797412301399e-01 -4.811422982797898262e-01 -4.795646465195997354e-01 -4.915194717441067063e-01 -4.764850625117436622e-01 3.905993339425944400e-01 3.513793695016204643e-01 -4.969011575199019370e-01 2.118674677657749195e-01 5.112473478169236030e-01 -2.142047505336368285e-02 -3.677565857117451320e-01 5.708248317941032601e-01 5.566550536745622502e-01 -5.231762855401675960e-01 -5.310582010461064595e-01 -5.817835078987167001e-03 1.677667378411035470e-01 -8.844371942931832098e-02 1.739551793060915286e-01 -4.857458160540453207e-01 5.048905090134221396e-01 1.550200722427010902e-01 4.195153013990908786e-01 -4.882437599121127736e-01 2.038167263203082835e-01
8.159625533008221243e-01 -1.920301269939090616e-01 -2.197962436492759131e-01 -4.824617036421713911e-01 3.314804244773010833e-01 -4.344502466227382897e-01 3.400053272248735881e-01 -4.795752186779521642e-01 -1.179958522279709321e-01 -4.353252213067050347e-01 3.390208021216550294e-01 -2.746066128450466715e-01 -4.827671532983534020e-01 5.259263039414378005e-01 -4.287280230543913939e-01 3.372518514420881353e-01 -4.637947007999180804e-01 -4.355886966368878732e-01 -4.849672480248922168e-01 2.959630966186523438e+00 -4.820945925867339832e-01 -4.862216774735078628e-01 3.373878608306218885e-01 -4.560421085066900804e-01 -4.428744567053543024e-01 -4.820059578969794201e-01 -4.825807975773413472e-01 -4.449308272251021878e-01 8.288232124823244895e-01 -4.848826707580728979e-01 -1.094682992974600755e-01 3.169913671755170137e-01 -1.057007963749726220e-01 -4.632928375855887571e-01 3.546551956272181449e-01 1.607602856242876577e+00 -4.363272047579055957e-01 3.372333358782709234e-01 3.141617432791932174e-01 -4.575155816470073966e-01 -2.985547802385444816e-01 -4.384342359175422144e-01 -4.536551151645210611e-01 9.285821558425290112e-01 3.349728655555194723e-01 1.519740219782028445e+00 3.467775661314220770e-01 -4.704497316157595366e-01 -4.588104424579708129e-01 1.276244554481246407e+00 -4.393627285814929451e-01 -4.732337809375641302e-01 -2.323333519250928847e-01 4.678473805506117023e-01 -4.806644938690625146e-01 -4.828604168790622819e-01 8.087994302692437243e-01 4.405418385451978502e-01 -2.179879616832978984e-01 -4.431601049946762294e-01 -9.794074642409601739e-02 -4.418481001431412980e-01 1.654015545758815708e+00 -4.735506028073251938e-01 -4.281516404103780649e-01 -4.737899336137031403e-01 1.239719404630902577e+00 -4.544155676574703207e-01
-5.238099292796897233e-01 -4.296595159254421731e-02 -3.561484058442434403e-02 5.409126527133987228e-01 -5.236886637660473909e-01 1.676747029166356096e-01 -4.774543294188535736e-01 6.833639716387279739e-01 -9.015632336220694154e-02 1.482489191253887617e-01 -5.133311488015858126e-01 2.825076082394716026e-02 4.135706910511308676e-01 -5.084888145421695427e-01 1.531993608473087853e-01 -5.290456049766177893e-01 1.964469318796406017e-01 1.555019626497646246e-01 5.497654923837028695e-01 -4.820945925867339832e-01 8.993552923202514648e-01 5.498655564338383872e-01 -5.257513775808067003e-01 1.934892134268468289e-01 3.856623360058225591e-01 5.543423797482706084e-01 5.473381819727899389e-01 1.800723301357030903e-01 -5.216143491505013108e-01 5.529742281638641010e-01 -9.264093058537983816e-02 -4.920115057085083232e-01 -9.498989987423131498e-02 3.838740982806127522e-01 -4.827373226677589835e-01 -4.839938094012432579e-01 1.482114593967400751e-01 -5.263423326593058560e-01 -4.882055858484402600e-01 2.555977864071988237e-01 4.865057613691276678e-02 2.849568130188643855e-01 2.451281779908007497e-01 -4.786047802614031843e-01 -4.804106477750006987e-01 -4.895644796509381891e-01 -4.782759575632420934e-01 3.880156127348676209e-01 3.424732975853418959e-01 -4.949991405120993671e-01 2.119224144158065315e-01 5.173807997717785323e-01 -2.474504382931119045e-02 -3.666337082011146831e-01 5.454859969762484440e-01 5.474117299068416154e-01 -5.216264642725052525e-01 -5.282113759624093019e-01 -6.419554293376365794e-03 1.656414339915578127e-01 -9.106362884935143009e-02 1.719254677694323219e-01 -4.830501442613867047e-01 5.086464825686253244e-01 1.530035759039823917e-01 4.144995265958930086e-01 -4.890585018668717199e-01 2.011524424085959772e-01
-5.261613487376728404e-01 -3.946777083240946005e-02 -3.672604586076570060e-02 5.574012766138370933e-01 -5.262262103578350114e-01 1.679531078488160911e-01 -4.769149207556727110e-01 5.494989596996181502e-01 -8.901697328592739211e-02 1.483670558516267945e-01 -5.167402412692259084e-01 3.012477947049144872e-02 4.178664161503262697e-01 -5.106584500232930202e-01 1.519080002779620575e-01 -5.319978087630277130e-01 1.975808530097391824e-01 1.535007959406569367e-01 5.797196172170056006e-01 -4.862216774735078628e-01 5.498655564338383872e-01 8.964102864265441895e-01 -5.284742512511720891e-01 1.943962903267837106e-01 3.860160175628123413e-01 5.682537400295974983e-01 5.697972180022483624e-01 1.807448765606220198e-01 -5.235298528035535748e-01 5.848144260472379896e-01 -8.827208615314702245e-02 -4.906036370967779003e-01 -9.346999495736620089e-02 3.896820134784161338e-01 -4.825106784514039404e-01 -4.881723264097315718e-01 1.487575399490433381e-01 -5.283995603810822672e-01 -4.873807289097441542e-01 2.559748124327667629e-01 4.938024079033569852e-02 2.894777822377682108e-01 2.469262163925372566e-01 -4.809599999817130156e-01 -4.796149928520780370e-01 -4.924095903305782396e-01 -4.778589287763406745e-01 3.902705969646361739e-01 3.511657833295007136e-01 -4.991352545935742180e-01 2.123845748895123731e-01 5.080035810471945634e-01 -2.234612466391965729e-02 -3.678410486849606476e-01 5.743609044555760823e-01 5.589472690457718551e-01 -5.239017641903509492e-01 -5.311495216355506255e-01 -6.888052258121589617e-03 1.647685165924596407e-01 -8.961978632582180693e-02 1.705071698663541968e-01 -4.869477275917103443e-01 5.000410885505696124e-01 1.515399320135926986e-01 4.210682085940560815e-01 -4.904964868432060698e-01 2.012491776575205948e-01
3.097124075764772777e-01 -2.692838454220154443e-01 -2.900413068513529313e-01 -5.267911636414673859e-01 2.336776618637446568e+00 -4.859227425527430921e-01 5.304279861146986574e-01 -5.224129757071230840e-01 -1.896938085783292927e-01 -4.847788921658134909e-01 2.006688004520540414e+00 -3.440018030958937323e-01 -5.239654828744749748e-01 1.583180713274379148e+00 -4.772622018708491676e-01 2.196306122159746632e+00 -5.072600440076091566e-01 -4.830101986468551822e-01 -5.282437210522874516e-01 3.373878608306218885e-01 -5.257513775808067003e-01 -5.284742512511720891e-01 3.264371395111083984e+00 -5.023645632224212898e-01 -4.884873195818317249e-01 -5.262048946007243932e-01 -5.248950327542609706e-01 -4.939562685241358220e-01 3.192412367665150574e-01 -5.301089355196633157e-01 -1.931248882780022824e-01 7.354925414280025775e-01 -1.891057537000268296e-01 -5.111551700254508557e-01 5.414469753112099992e-01 3.277120214926836361e-01 -4.892918322590496527e-01 2.201103253298856366e+00 7.030098991976131417e-01 -5.060928205787005307e-01 -3.674373065295021279e-01 -4.929263117134028427e-01 -5.045777445665963201e-01 3.386508051527213903e-01 5.237209517091236943e-01 3.289755944296040568e-01 5.325753914898810892e-01 -5.175865282586363803e-01 -5.092186363492977597e-01 3.312715814897393973e-01 -4.929938592332545055e-01 -5.180794765718684802e-01 -3.014112917051645635e-01 3.939404217159676036e-01 -5.237870705589277032e-01 -5.288621637425029443e-01 3.338145284543070357e-01 1.610840336864396205e+00 -2.869043188809833334e-01 -4.914382089917978536e-01 -1.665953569823562797e-01 -4.891879393731864423e-01 3.264802221776222924e-01 -5.160969397201817799e-01 -4.786278675693728113e-01 -5.212426092041095860e-01 3.157175363876546514e-01 -5.004496881841901113e-01
